-7.071067811865474617e-01 0.000000000000000000e+00 7.071067811865474617e-01
-7.005905538700569757e-01 -1.285711101118217591e-02 7.134476648812391186e-01
-6.939005987823413379e-01 -2.571103380175814718e-02 7.196116325840994365e-01
-6.870385748538279103e-01 -3.855858094171535355e-02 7.255971557955432916e-01
-6.800061836834275786e-01 -5.139656658203257955e-02 7.314027502654600887e-01
-6.728051691165825021e-01 -6.422180724468547208e-02 7.370269763612680158e-01
-6.654373168128401295e-01 -7.703112261206421230e-02 7.424684394249043695e-01
-6.579044538030565104e-01 -8.982133631560744458e-02 7.477257901186639133e-01
-6.502084480363418129e-01 -1.025892767234569541e-01 7.527977247597986699e-01
-6.423512079168584021e-01 -1.153317777269377981e-01 7.576829856437961030e-01
-6.343346818305878321e-01 -1.280456795256688374e-01 7.623803613562566417e-01
-6.261608576621829902e-01 -1.407278294111088401e-01 7.668886870732918304e-01
-6.178317623020254112e-01 -1.533750825483441993e-01 7.712068448503696105e-01
-6.093494611436111041e-01 -1.659843027559241568e-01 7.753337638995352332e-01
-6.007160575713876849e-01 -1.785523632835500640e-01 7.792684208549377489e-01
-5.919336924391710442e-01 -1.910761475874260817e-01 7.830098400265970149e-01
-5.830045435392706699e-01 -2.035525501030788220e-01 7.865570936423496029e-01
-5.739308250624562957e-01 -2.159784770154548617e-01 7.899093020779111018e-01
-5.647147870488956611e-01 -2.283508470261038648e-01 7.930656340749995259e-01
-5.553587148302062682e-01 -2.406665921172588540e-01 7.960253069474652055e-01
-5.458649284627538067e-01 -2.529226583126223948e-01 7.987875867753762016e-01
-5.362357821523388024e-01 -2.651160064346715362e-01 8.013517885870102830e-01
-5.264736636704181461e-01 -2.772436128582927983e-01 8.037172765287109444e-01
-5.165809937620003955e-01 -2.893024702605602183e-01 8.058834640225605028e-01
-5.065602255453656166e-01 -3.012895883664716279e-01 8.078498139118373000e-01
-4.964138439037580341e-01 -3.132019946904570085e-01 8.096158385942150426e-01
-4.861443648692007069e-01 -3.250367352734753190e-01 8.111811001426759704e-01
-4.757543349985866588e-01 -3.367908754155179984e-01 8.125452104141046572e-01
-4.652463307422014527e-01 -3.484615004033357888e-01 8.137078311455372415e-01
-4.546229578048311404e-01 -3.600457162332105221e-01 8.146686740380416625e-01
-4.438868504996180131e-01 -3.715406503285902384e-01 8.154275008282082515e-01
-4.330406710948207505e-01 -3.829434522524118867e-01 8.159841233472326927e-01
-4.220871091536425035e-01 -3.942512944139336395e-01 8.163384035675761430e-01
-4.110288808672914462e-01 -4.054613727699019621e-01 8.164902536371934083e-01
-3.998687283814379434e-01 -4.165709075198794076e-01 8.164396359013172955e-01
-3.886094191162350886e-01 -4.275771437955614429e-01 8.161865629117964760e-01
-3.772537450800727554e-01 -4.384773523439094989e-01 8.157310974239821988e-01
-3.658045221772333599e-01 -4.492688302039340442e-01 8.150733523811672931e-01
-3.542645895096235842e-01 -4.599489013769555434e-01 8.142134908865791276e-01
-3.426368086727522577e-01 -4.705149174901817055e-01 8.131517261629339632e-01
-3.309240630461309229e-01 -4.809642584534330467e-01 8.118883214995640252e-01
-3.191292570782728322e-01 -4.912943331088554522e-01 8.104235901871282843e-01
-3.072553155664674573e-01 -5.015025798734574769e-01 8.087578954399250453e-01
-2.953051829315082033e-01 -5.115864673743159008e-01 8.068916503058241041e-01
-2.832818224875545687e-01 -5.215434950762878330e-01 8.048253175638424572e-01
-2.711882157073102206e-01 -5.313711939020764330e-01 8.025594096093866536e-01
-2.590273614826961168e-01 -5.410671268444973148e-01 8.000944883271933206e-01
-2.468022753812060266e-01 -5.506288895707901476e-01 7.974311649519961742e-01
-2.345159888981257768e-01 -5.600541110188304028e-01 7.945700999169561518e-01
-2.221715487048038229e-01 -5.693404539850879242e-01 7.915120026898916361e-01
-2.097720158931571099e-01 -5.784856157041922131e-01 7.882576315973494063e-01
-1.973204652166032635e-01 -5.874873284199566559e-01 7.848077936365599472e-01
-1.848199843276026044e-01 -5.963433599477209190e-01 7.811633442753235235e-01
-1.722736730120028037e-01 -6.050515142278742875e-01 7.773251872398770912e-01
-1.596846424203753334e-01 -6.136096318704188368e-01 7.732942742907941147e-01
-1.470560142965328110e-01 -6.220155906904409893e-01 7.690716049869738002e-01
-1.343909202034190287e-01 -6.302673062343571164e-01 7.646582264377761451e-01
-1.216925007465664982e-01 -6.383627322968017381e-01 7.600552330433683057e-01
-1.089639047953081114e-01 -6.462998614280325294e-01 7.552637662233406823e-01
-9.620828870194339522e-02 -6.540767254317237933e-01 7.502850141336671053e-01
-8.342881551904555992e-02 -6.616913958530268314e-01 7.451202113720724052e-01
-7.062865421511047015e-02 -6.691419844567757513e-01 7.397706386718861937e-01
-5.781097888873595880e-02 -6.764266436957183659e-01 7.342376225844543525e-01
-4.497896798153008802e-02 -6.835435671686600489e-01 7.285225351501901647e-01
-3.213580348994268809e-02 -6.904909900684016444e-01 7.226267935583443602e-01
-1.928467017621505325e-02 -6.972671896193658458e-01 7.165518597955808922e-01
-6.428754778644196061e-03 -7.038704855047983600e-01 7.102992402834426011e-01
6.428754778644316624e-03 -7.102992402834424901e-01 7.038704855047982489e-01
1.928467017621514693e-02 -7.165518597955808922e-01 6.972671896193657348e-01
3.213580348994276442e-02 -7.226267935583443602e-01 6.904909900684016444e-01
4.497896798152994230e-02 -7.285225351501899427e-01 6.835435671686600489e-01
5.781097888873607676e-02 -7.342376225844544635e-01 6.764266436957183659e-01
7.062865421511059505e-02 -7.397706386718863047e-01 6.691419844567757513e-01
8.342881551904565707e-02 -7.451202113720724052e-01 6.616913958530268314e-01
9.620828870194345073e-02 -7.502850141336672163e-01 6.540767254317236823e-01
1.089639047953082085e-01 -7.552637662233407934e-01 6.462998614280325294e-01
1.216925007465665537e-01 -7.600552330433681947e-01 6.383627322968017381e-01
1.343909202034190842e-01 -7.646582264377761451e-01 6.302673062343571164e-01
1.470560142965328110e-01 -7.690716049869738002e-01 6.220155906904409893e-01
1.596846424203753889e-01 -7.732942742907943368e-01 6.136096318704188368e-01
1.722736730120028037e-01 -7.773251872398770912e-01 6.050515142278742875e-01
1.848199843276026599e-01 -7.811633442753236345e-01 5.963433599477209190e-01
1.973204652166033468e-01 -7.848077936365598362e-01 5.874873284199565449e-01
2.097720158931572487e-01 -7.882576315973494063e-01 5.784856157041922131e-01
2.221715487048036564e-01 -7.915120026898917471e-01 5.693404539850880353e-01
2.345159888981257768e-01 -7.945700999169561518e-01 5.600541110188304028e-01
2.468022753812058878e-01 -7.974311649519961742e-01 5.506288895707902586e-01
2.590273614826962278e-01 -8.000944883271934316e-01 5.410671268444972037e-01
2.711882157073104427e-01 -8.025594096093868757e-01 5.313711939020763220e-01
2.832818224875546242e-01 -8.048253175638423462e-01 5.215434950762878330e-01
2.953051829315083143e-01 -8.068916503058242151e-01 5.115864673743159008e-01
3.072553155664675129e-01 -8.087578954399250453e-01 5.015025798734574769e-01
3.191292570782729432e-01 -8.104235901871283954e-01 4.912943331088553967e-01
3.309240630461308674e-01 -8.118883214995639142e-01 4.809642584534331577e-01
3.426368086727523687e-01 -8.131517261629340743e-01 4.705149174901817610e-01
3.542645895096235287e-01 -8.142134908865790166e-01 4.599489013769555990e-01
3.658045221772334710e-01 -8.150733523811675152e-01 4.492688302039340997e-01
3.772537450800728109e-01 -8.157310974239823098e-01 4.384773523439094989e-01
3.886094191162350331e-01 -8.161865629117964760e-01 4.275771437955614984e-01
3.998687283814379989e-01 -8.164396359013174065e-01 4.165709075198794076e-01
4.110288808672914462e-01 -8.164902536371934083e-01 4.054613727699020176e-01
4.220871091536425590e-01 -8.163384035675762540e-01 3.942512944139336950e-01
4.330406710948207505e-01 -8.159841233472326927e-01 3.829434522524119422e-01
4.438868504996181796e-01 -8.154275008282084736e-01 3.715406503285902384e-01
4.546229578048311404e-01 -8.146686740380417735e-01 3.600457162332106331e-01
4.652463307422013417e-01 -8.137078311455372415e-01 3.484615004033358443e-01
4.757543349985867698e-01 -8.125452104141047682e-01 3.367908754155179429e-01
4.861443648692005404e-01 -8.111811001426759704e-01 3.250367352734753745e-01
4.964138439037582007e-01 -8.096158385942152647e-01 3.132019946904570640e-01
5.065602255453656166e-01 -8.078498139118374111e-01 3.012895883664717944e-01
5.165809937620003955e-01 -8.058834640225606138e-01 2.893024702605601628e-01
5.264736636704180350e-01 -8.037172765287109444e-01 2.772436128582928538e-01
5.362357821523388024e-01 -8.013517885870103941e-01 2.651160064346715362e-01
5.458649284627538067e-01 -7.987875867753760906e-01 2.529226583126223393e-01
5.553587148302063792e-01 -7.960253069474653165e-01 2.406665921172589095e-01
5.647147870488957722e-01 -7.930656340749996369e-01 2.283508470261038648e-01
5.739308250624561847e-01 -7.899093020779112129e-01 2.159784770154550004e-01
5.830045435392707809e-01 -7.865570936423497139e-01 2.035525501030789053e-01
5.919336924391709331e-01 -7.830098400265970149e-01 1.910761475874261373e-01
6.007160575713875739e-01 -7.792684208549377489e-01 1.785523632835500640e-01
6.093494611436113262e-01 -7.753337638995354553e-01 1.659843027559241846e-01
6.178317623020254112e-01 -7.712068448503697216e-01 1.533750825483443381e-01
6.261608576621829902e-01 -7.668886870732919414e-01 1.407278294111088401e-01
6.343346818305878321e-01 -7.623803613562568637e-01 1.280456795256690039e-01
6.423512079168584021e-01 -7.576829856437962141e-01 1.153317777269378536e-01
6.502084480363417018e-01 -7.527977247597987809e-01 1.025892767234570513e-01
6.579044538030565104e-01 -7.477257901186639133e-01 8.982133631560747233e-02
6.654373168128400184e-01 -7.424684394249042585e-01 7.703112261206433720e-02
6.728051691165825021e-01 -7.370269763612681269e-01 6.422180724468554147e-02
6.800061836834274676e-01 -7.314027502654601998e-01 5.139656658203275996e-02
6.870385748538280213e-01 -7.255971557955432916e-01 3.855858094171522865e-02
6.939005987823413379e-01 -7.196116325840995476e-01 2.571103380175816105e-02
7.005905538700568647e-01 -7.134476648812392297e-01 1.285711101118231295e-02
7.071067811865473507e-01 -7.071067811865475727e-01 2.355138688025662380e-16
7.134476648812391186e-01 -7.005905538700569757e-01 -1.285711101118219672e-02
7.196116325840994365e-01 -6.939005987823413379e-01 -2.571103380175808126e-02
7.255971557955432916e-01 -6.870385748538280213e-01 -3.855858094171522171e-02
7.314027502654601998e-01 -6.800061836834275786e-01 -5.139656658203264200e-02
7.370269763612680158e-01 -6.728051691165826131e-01 -6.422180724468543045e-02
7.424684394249043695e-01 -6.654373168128402405e-01 -7.703112261206405964e-02
7.477257901186640243e-01 -6.579044538030567324e-01 -8.982133631560723641e-02
7.527977247597987809e-01 -6.502084480363417018e-01 -1.025892767234569680e-01
7.576829856437963251e-01 -6.423512079168585132e-01 -1.153317777269376870e-01
7.623803613562566417e-01 -6.343346818305879431e-01 -1.280456795256686708e-01
7.668886870732917194e-01 -6.261608576621831013e-01 -1.407278294111085348e-01
7.712068448503696105e-01 -6.178317623020255223e-01 -1.533750825483441715e-01
7.753337638995352332e-01 -6.093494611436112152e-01 -1.659843027559239903e-01
7.792684208549376379e-01 -6.007160575713879069e-01 -1.785523632835497865e-01
7.830098400265970149e-01 -5.919336924391709331e-01 -1.910761475874260817e-01
7.865570936423496029e-01 -5.830045435392708919e-01 -2.035525501030787665e-01
7.899093020779111018e-01 -5.739308250624564067e-01 -2.159784770154546951e-01
7.930656340749995259e-01 -5.647147870488958832e-01 -2.283508470261036150e-01
7.960253069474653165e-01 -5.553587148302066012e-01 -2.406665921172587985e-01
7.987875867753760906e-01 -5.458649284627538067e-01 -2.529226583126222838e-01
8.013517885870103941e-01 -5.362357821523390244e-01 -2.651160064346713141e-01
8.037172765287109444e-01 -5.264736636704182571e-01 -2.772436128582927428e-01
8.058834640225605028e-01 -5.165809937620005066e-01 -2.893024702605601073e-01
8.078498139118374111e-01 -5.065602255453659497e-01 -3.012895883664714614e-01
8.096158385942151536e-01 -4.964138439037583672e-01 -3.132019946904567864e-01
8.111811001426759704e-01 -4.861443648692006514e-01 -3.250367352734753190e-01
8.125452104141046572e-01 -4.757543349985868253e-01 -3.367908754155178874e-01
8.137078311455371304e-01 -4.652463307422015637e-01 -3.484615004033356223e-01
8.146686740380416625e-01 -4.546229578048311404e-01 -3.600457162332105776e-01
8.154275008282083625e-01 -4.438868504996183462e-01 -3.715406503285901274e-01
8.159841233472328037e-01 -4.330406710948209170e-01 -3.829434522524117757e-01
8.163384035675761430e-01 -4.220871091536427810e-01 -3.942512944139334174e-01
8.164902536371934083e-01 -4.110288808672915573e-01 -4.054613727699018511e-01
8.164396359013174065e-01 -3.998687283814379989e-01 -4.165709075198794076e-01
8.161865629117965870e-01 -3.886094191162353662e-01 -4.275771437955612209e-01
8.157310974239821988e-01 -3.772537450800725334e-01 -4.384773523439096654e-01
8.150733523811672931e-01 -3.658045221772333044e-01 -4.492688302039339887e-01
8.142134908865790166e-01 -3.542645895096236952e-01 -4.599489013769553214e-01
8.131517261629339632e-01 -3.426368086727524243e-01 -4.705149174901814835e-01
8.118883214995639142e-01 -3.309240630461308119e-01 -4.809642584534331022e-01
8.104235901871282843e-01 -3.191292570782729432e-01 -4.912943331088553967e-01
8.087578954399250453e-01 -3.072553155664676794e-01 -5.015025798734573659e-01
8.068916503058241041e-01 -2.953051829315081478e-01 -5.115864673743159008e-01
8.048253175638423462e-01 -2.832818224875546242e-01 -5.215434950762877220e-01
8.025594096093866536e-01 -2.711882157073104982e-01 -5.313711939020762109e-01
8.000944883271934316e-01 -2.590273614826963944e-01 -5.410671268444969817e-01
7.974311649519962852e-01 -2.468022753812059988e-01 -5.506288895707902586e-01
7.945700999169561518e-01 -2.345159888981257768e-01 -5.600541110188302918e-01
7.915120026898916361e-01 -2.221715487048037951e-01 -5.693404539850878132e-01
7.882576315973494063e-01 -2.097720158931574153e-01 -5.784856157041919911e-01
7.848077936365598362e-01 -1.973204652166032913e-01 -5.874873284199565449e-01
7.811633442753235235e-01 -1.848199843276026599e-01 -5.963433599477208080e-01
7.773251872398770912e-01 -1.722736730120029980e-01 -6.050515142278740655e-01
7.732942742907941147e-01 -1.596846424203754444e-01 -6.136096318704187258e-01
7.690716049869736892e-01 -1.470560142965328110e-01 -6.220155906904408782e-01
7.646582264377761451e-01 -1.343909202034192507e-01 -6.302673062343568944e-01
7.600552330433683057e-01 -1.216925007465667896e-01 -6.383627322968015161e-01
7.552637662233406823e-01 -1.089639047953082640e-01 -6.462998614280324183e-01
7.502850141336669942e-01 -9.620828870194342297e-02 -6.540767254317236823e-01
7.451202113720725162e-01 -8.342881551904586523e-02 -6.616913958530267204e-01
7.397706386718861937e-01 -7.062865421511049790e-02 -6.691419844567756403e-01
7.342376225844543525e-01 -5.781097888873599350e-02 -6.764266436957183659e-01
7.285225351501900537e-01 -4.497896798153019904e-02 -6.835435671686598269e-01
7.226267935583443602e-01 -3.213580348994285463e-02 -6.904909900684015334e-01
7.165518597955808922e-01 -1.928467017621513999e-02 -6.972671896193657348e-01
7.102992402834423791e-01 -6.428754778644196061e-03 -7.038704855047982489e-01
7.038704855047982489e-01 6.428754778644071161e-03 -7.102992402834423791e-01
6.972671896193657348e-01 1.928467017621530305e-02 -7.165518597955810032e-01
6.904909900684016444e-01 3.213580348994267422e-02 -7.226267935583443602e-01
6.835435671686600489e-01 4.497896798153003944e-02 -7.285225351501900537e-01
6.764266436957184769e-01 5.781097888873582696e-02 -7.342376225844542414e-01
6.691419844567755293e-01 7.062865421511067832e-02 -7.397706386718863047e-01
6.616913958530267204e-01 8.342881551904568482e-02 -7.451202113720724052e-01
6.540767254317236823e-01 9.620828870194325644e-02 -7.502850141336669942e-01
6.462998614280326404e-01 1.089639047953079171e-01 -7.552637662233404603e-01
6.383627322968016271e-01 1.216925007465664427e-01 -7.600552330433680837e-01
6.302673062343571164e-01 1.343909202034190564e-01 -7.646582264377761451e-01
6.220155906904409893e-01 1.470560142965326167e-01 -7.690716049869735782e-01
6.136096318704186148e-01 1.596846424203755832e-01 -7.732942742907941147e-01
6.050515142278741765e-01 1.722736730120028870e-01 -7.773251872398770912e-01
5.963433599477210301e-01 1.848199843276024934e-01 -7.811633442753235235e-01
5.874873284199567669e-01 1.973204652166031803e-01 -7.848077936365598362e-01
5.784856157041921021e-01 2.097720158931572487e-01 -7.882576315973492953e-01
5.693404539850879242e-01 2.221715487048036564e-01 -7.915120026898916361e-01
5.600541110188304028e-01 2.345159888981256657e-01 -7.945700999169561518e-01
5.506288895707901476e-01 2.468022753812060821e-01 -7.974311649519962852e-01
5.410671268444972037e-01 2.590273614826961723e-01 -8.000944883271933206e-01
5.313711939020763220e-01 2.711882157073102206e-01 -8.025594096093865426e-01
5.215434950762878330e-01 2.832818224875545132e-01 -8.048253175638423462e-01
5.115864673743159008e-01 2.953051829315082588e-01 -8.068916503058241041e-01
5.015025798734574769e-01 3.072553155664674573e-01 -8.087578954399249342e-01
4.912943331088553967e-01 3.191292570782728322e-01 -8.104235901871281733e-01
4.809642584534329357e-01 3.309240630461311450e-01 -8.118883214995640252e-01
4.705149174901816500e-01 3.426368086727523132e-01 -8.131517261629339632e-01
4.599489013769554879e-01 3.542645895096235842e-01 -8.142134908865791276e-01
4.492688302039340997e-01 3.658045221772331934e-01 -8.150733523811672931e-01
4.384773523439094989e-01 3.772537450800727554e-01 -8.157310974239821988e-01
4.275771437955613874e-01 3.886094191162350886e-01 -8.161865629117964760e-01
4.165709075198795186e-01 3.998687283814378879e-01 -8.164396359013174065e-01
4.054613727699017400e-01 4.110288808672916683e-01 -8.164902536371934083e-01
3.942512944139335285e-01 4.220871091536426145e-01 -8.163384035675761430e-01
3.829434522524119422e-01 4.330406710948208060e-01 -8.159841233472326927e-01
3.715406503285903494e-01 4.438868504996180131e-01 -8.154275008282084736e-01
3.600457162332104111e-01 4.546229578048313624e-01 -8.146686740380417735e-01
3.484615004033357888e-01 4.652463307422013972e-01 -8.137078311455372415e-01
3.367908754155180540e-01 4.757543349985866032e-01 -8.125452104141046572e-01
3.250367352734751525e-01 4.861443648692007624e-01 -8.111811001426759704e-01
3.132019946904569530e-01 4.964138439037581452e-01 -8.096158385942151536e-01
3.012895883664717389e-01 5.065602255453656166e-01 -8.078498139118374111e-01
2.893024702605603293e-01 5.165809937620002845e-01 -8.058834640225606138e-01
2.772436128582926318e-01 5.264736636704182571e-01 -8.037172765287108334e-01
2.651160064346714806e-01 5.362357821523389134e-01 -8.013517885870103941e-01
2.529226583126224503e-01 5.458649284627536957e-01 -7.987875867753762016e-01
2.406665921172590761e-01 5.553587148302062682e-01 -7.960253069474653165e-01
2.283508470261038648e-01 5.647147870488957722e-01 -7.930656340749997479e-01
2.159784770154549449e-01 5.739308250624562957e-01 -7.899093020779112129e-01
2.035525501030789608e-01 5.830045435392707809e-01 -7.865570936423497139e-01
1.910761475874258875e-01 5.919336924391710442e-01 -7.830098400265969039e-01
1.785523632835500363e-01 6.007160575713876849e-01 -7.792684208549377489e-01
1.659843027559242401e-01 6.093494611436111041e-01 -7.753337638995353442e-01
1.533750825483443658e-01 6.178317623020253002e-01 -7.712068448503697216e-01
1.407278294111087291e-01 6.261608576621829902e-01 -7.668886870732917194e-01
1.280456795256688096e-01 6.343346818305879431e-01 -7.623803613562566417e-01
1.153317777269379646e-01 6.423512079168582911e-01 -7.576829856437962141e-01
1.025892767234571623e-01 6.502084480363417018e-01 -7.527977247597988919e-01
8.982133631560779152e-02 6.579044538030563993e-01 -7.477257901186641353e-01
7.703112261206393474e-02 6.654373168128403515e-01 -7.424684394249043695e-01
6.422180724468530555e-02 6.728051691165827242e-01 -7.370269763612680158e-01
5.139656658203252404e-02 6.800061836834276896e-01 -7.314027502654600887e-01
3.855858094171542294e-02 6.870385748538280213e-01 -7.255971557955435136e-01
2.571103380175831718e-02 6.939005987823412269e-01 -7.196116325840996586e-01
1.285711101118239275e-02 7.005905538700568647e-01 -7.134476648812392297e-01
3.925231146709437301e-16 7.071067811865473507e-01 -7.071067811865476838e-01
-1.285711101118250897e-02 7.134476648812394517e-01 -7.005905538700569757e-01
-2.571103380175835881e-02 7.196116325840996586e-01 -6.939005987823412269e-01
-3.855858094171541600e-02 7.255971557955434026e-01 -6.870385748538280213e-01
-5.139656658203260037e-02 7.314027502654601998e-01 -6.800061836834275786e-01
-6.422180724468538882e-02 7.370269763612681269e-01 -6.728051691165827242e-01
-7.703112261206401801e-02 7.424684394249043695e-01 -6.654373168128403515e-01
-8.982133631560715314e-02 7.477257901186640243e-01 -6.579044538030567324e-01
-1.025892767234572456e-01 7.527977247597988919e-01 -6.502084480363417018e-01
-1.153317777269379646e-01 7.576829856437962141e-01 -6.423512079168582911e-01
-1.280456795256688929e-01 7.623803613562566417e-01 -6.343346818305878321e-01
-1.407278294111088401e-01 7.668886870732919414e-01 -6.261608576621831013e-01
-1.533750825483440883e-01 7.712068448503696105e-01 -6.178317623020255223e-01
-1.659843027559239348e-01 7.753337638995352332e-01 -6.093494611436113262e-01
-1.785523632835497587e-01 7.792684208549377489e-01 -6.007160575713880180e-01
-1.910761475874263593e-01 7.830098400265972369e-01 -5.919336924391708221e-01
-2.035525501030790163e-01 7.865570936423497139e-01 -5.830045435392706699e-01
-2.159784770154549727e-01 7.899093020779113239e-01 -5.739308250624564067e-01
-2.283508470261038648e-01 7.930656340749996369e-01 -5.647147870488957722e-01
-2.406665921172587430e-01 7.960253069474654275e-01 -5.553587148302067122e-01
-2.529226583126221728e-01 7.987875867753762016e-01 -5.458649284627540288e-01
-2.651160064346712031e-01 8.013517885870103941e-01 -5.362357821523391355e-01
-2.772436128582924098e-01 8.037172765287109444e-01 -5.264736636704185901e-01
-2.893024702605603848e-01 8.058834640225607249e-01 -5.165809937620003955e-01
-3.012895883664717944e-01 8.078498139118374111e-01 -5.065602255453656166e-01
-3.132019946904570640e-01 8.096158385942152647e-01 -4.964138439037582007e-01
-3.250367352734752080e-01 8.111811001426759704e-01 -4.861443648692008179e-01
-3.367908754155178319e-01 8.125452104141047682e-01 -4.757543349985869918e-01
-3.484615004033354557e-01 8.137078311455371304e-01 -4.652463307422016747e-01
-3.600457162332101335e-01 8.146686740380417735e-01 -4.546229578048316955e-01
-3.715406503285904605e-01 8.154275008282085846e-01 -4.438868504996181241e-01
-3.829434522524118867e-01 8.159841233472326927e-01 -4.330406710948208060e-01
-3.942512944139336395e-01 8.163384035675762540e-01 -4.220871091536426145e-01
-4.054613727699018511e-01 8.164902536371935193e-01 -4.110288808672916683e-01
-4.165709075198792410e-01 8.164396359013175175e-01 -3.998687283814382210e-01
-4.275771437955611098e-01 8.161865629117965870e-01 -3.886094191162354772e-01
-4.384773523439092213e-01 8.157310974239823098e-01 -3.772537450800731440e-01
-4.492688302039341552e-01 8.150733523811674042e-01 -3.658045221772332489e-01
-4.599489013769555434e-01 8.142134908865791276e-01 -3.542645895096235287e-01
-4.705149174901817055e-01 8.131517261629340743e-01 -3.426368086727523687e-01
-4.809642584534329912e-01 8.118883214995640252e-01 -3.309240630461310340e-01
-4.912943331088552301e-01 8.104235901871283954e-01 -3.191292570782732207e-01
-5.015025798734572549e-01 8.087578954399252673e-01 -3.072553155664679569e-01
-5.115864673743155677e-01 8.068916503058242151e-01 -2.953051829315086474e-01
-5.215434950762879440e-01 8.048253175638424572e-01 -2.832818224875545132e-01
-5.313711939020764330e-01 8.025594096093866536e-01 -2.711882157073101651e-01
-5.410671268444972037e-01 8.000944883271934316e-01 -2.590273614826962834e-01
-5.506288895707901476e-01 7.974311649519963963e-01 -2.468022753812061654e-01
-5.600541110188301808e-01 7.945700999169562628e-01 -2.345159888981260266e-01
-5.693404539850877022e-01 7.915120026898917471e-01 -2.221715487048040449e-01
-5.784856157041919911e-01 7.882576315973496284e-01 -2.097720158931575818e-01
-5.874873284199567669e-01 7.848077936365599472e-01 -1.973204652166031248e-01
-5.963433599477210301e-01 7.811633442753236345e-01 -1.848199843276025489e-01
-6.050515142278742875e-01 7.773251872398770912e-01 -1.722736730120028037e-01
-6.136096318704186148e-01 7.732942742907942257e-01 -1.596846424203756110e-01
-6.220155906904408782e-01 7.690716049869739113e-01 -1.470560142965330885e-01
-6.302673062343567834e-01 7.646582264377762561e-01 -1.343909202034195005e-01
-6.383627322968015161e-01 7.600552330433684167e-01 -1.216925007465669561e-01
-6.462998614280325294e-01 7.552637662233405713e-01 -1.089639047953080420e-01
-6.540767254317237933e-01 7.502850141336671053e-01 -9.620828870194331195e-02
-6.616913958530268314e-01 7.451202113720725162e-01 -8.342881551904564319e-02
-6.691419844567755293e-01 7.397706386718864158e-01 -7.062865421511084485e-02
-6.764266436957182549e-01 7.342376225844544635e-01 -5.781097888873628493e-02
-6.835435671686599379e-01 7.285225351501903868e-01 -4.497896798153046966e-02
-6.904909900684014223e-01 7.226267935583445823e-01 -3.213580348994314606e-02
-6.972671896193659569e-01 7.165518597955808922e-01 -1.928467017621497345e-02
-7.038704855047982489e-01 7.102992402834423791e-01 -6.428754778644140550e-03
-7.102992402834424901e-01 7.038704855047983600e-01 6.428754778644126672e-03
-7.165518597955808922e-01 6.972671896193659569e-01 1.928467017621501162e-02
-7.226267935583442492e-01 6.904909900684018664e-01 3.213580348994245911e-02
-7.285225351501899427e-01 6.835435671686601600e-01 4.497896798152980352e-02
-7.342376225844542414e-01 6.764266436957185880e-01 5.781097888873556329e-02
-7.397706386718864158e-01 6.691419844567755293e-01 7.062865421511078934e-02
-7.451202113720725162e-01 6.616913958530268314e-01 8.342881551904574033e-02
-7.502850141336671053e-01 6.540767254317236823e-01 9.620828870194331195e-02
-7.552637662233406823e-01 6.462998614280326404e-01 1.089639047953080836e-01
-7.600552330433680837e-01 6.383627322968018492e-01 1.216925007465662900e-01
-7.646582264377760341e-01 6.302673062343572274e-01 1.343909202034187511e-01
-7.690716049869734672e-01 6.220155906904412113e-01 1.470560142965323669e-01
-7.732942742907942257e-01 6.136096318704186148e-01 1.596846424203755554e-01
-7.773251872398769802e-01 6.050515142278741765e-01 1.722736730120028592e-01
-7.811633442753235235e-01 5.963433599477209190e-01 1.848199843276025767e-01
-7.848077936365599472e-01 5.874873284199567669e-01 1.973204652166032358e-01
-7.882576315973492953e-01 5.784856157041923241e-01 2.097720158931569712e-01
-7.915120026898915251e-01 5.693404539850881463e-01 2.221715487048034343e-01
-7.945700999169560408e-01 5.600541110188307359e-01 2.345159888981253327e-01
-7.974311649519962852e-01 5.506288895707900366e-01 2.468022753812063319e-01
-8.000944883271934316e-01 5.410671268444970927e-01 2.590273614826963944e-01
-8.025594096093866536e-01 5.313711939020763220e-01 2.711882157073102761e-01
-8.048253175638424572e-01 5.215434950762878330e-01 2.832818224875545132e-01
-8.068916503058241041e-01 5.115864673743160118e-01 2.953051829315080923e-01
-8.087578954399250453e-01 5.015025798734576989e-01 3.072553155664672908e-01
-8.104235901871283954e-01 4.912943331088556742e-01 3.191292570782727211e-01
-8.118883214995640252e-01 4.809642584534335463e-01 3.309240630461305344e-01
-8.131517261629340743e-01 4.705149174901816500e-01 3.426368086727523687e-01
-8.142134908865790166e-01 4.599489013769554879e-01 3.542645895096236397e-01
-8.150733523811674042e-01 4.492688302039339887e-01 3.658045221772333044e-01
-8.157310974239821988e-01 4.384773523439097209e-01 3.772537450800724779e-01
-8.161865629117965870e-01 4.275771437955616650e-01 3.886094191162348666e-01
-8.164396359013174065e-01 4.165709075198797962e-01 3.998687283814376103e-01
-8.164902536371934083e-01 4.054613727699023507e-01 4.110288808672910021e-01
-8.163384035675760320e-01 3.942512944139335285e-01 4.220871091536426145e-01
-8.159841233472325817e-01 3.829434522524118312e-01 4.330406710948208060e-01
-8.154275008282082515e-01 3.715406503285902384e-01 4.438868504996180686e-01
-8.146686740380417735e-01 3.600457162332106886e-01 4.546229578048310849e-01
-8.137078311455371304e-01 3.484615004033360108e-01 4.652463307422011196e-01
-8.125452104141046572e-01 3.367908754155182760e-01 4.757543349985863812e-01
-8.111811001426760814e-01 3.250367352734757631e-01 4.861443648692002628e-01
-8.096158385942150426e-01 3.132019946904568974e-01 4.964138439037581452e-01
-8.078498139118373000e-01 3.012895883664716279e-01 5.065602255453657277e-01
-8.058834640225606138e-01 2.893024702605602183e-01 5.165809937620002845e-01
-8.037172765287109444e-01 2.772436128582928538e-01 5.264736636704180350e-01
-8.013517885870103941e-01 2.651160064346717582e-01 5.362357821523386914e-01
-7.987875867753762016e-01 2.529226583126227279e-01 5.458649284627534737e-01
-7.960253069474653165e-01 2.406665921172592981e-01 5.553587148302060461e-01
-7.930656340749995259e-01 2.283508470261037537e-01 5.647147870488957722e-01
-7.899093020779111018e-01 2.159784770154548061e-01 5.739308250624562957e-01
-7.865570936423496029e-01 2.035525501030788775e-01 5.830045435392707809e-01
-7.830098400265971259e-01 1.910761475874261373e-01 5.919336924391709331e-01
-7.792684208549377489e-01 1.785523632835502861e-01 6.007160575713874628e-01
-7.753337638995353442e-01 1.659843027559244899e-01 6.093494611436108821e-01
-7.712068448503697216e-01 1.533750825483446156e-01 6.178317623020251892e-01
-7.668886870732917194e-01 1.407278294111086181e-01 6.261608576621831013e-01
-7.623803613562566417e-01 1.280456795256687264e-01 6.343346818305878321e-01
-7.576829856437962141e-01 1.153317777269378119e-01 6.423512079168584021e-01
-7.527977247597987809e-01 1.025892767234570652e-01 6.502084480363417018e-01
-7.477257901186640243e-01 8.982133631560765274e-02 6.579044538030563993e-01
-7.424684394249044805e-01 7.703112261206451761e-02 6.654373168128399074e-01
-7.370269763612681269e-01 6.422180724468588842e-02 6.728051691165822801e-01
-7.314027502654600887e-01 5.139656658203237832e-02 6.800061836834276896e-01
-7.255971557955431805e-01 3.855858094171525641e-02 6.870385748538280213e-01
-7.196116325840994365e-01 2.571103380175813677e-02 6.939005987823413379e-01
-7.134476648812392297e-01 1.285711101118227652e-02 7.005905538700568647e-01
-7.071067811865475727e-01 1.999839848695795196e-16 7.071067811865473507e-01
