-8.660791021611676399e+01 -5.773502691896258199e+01 -2.886214362180839998e+01
-8.553770757482928389e+01 -5.985299332663218763e+01 -2.781437985542628510e+01
-8.425444637681243876e+01 -6.195382481241418304e+01 -2.699680956766112416e+01
-8.296324560984774621e+01 -6.405255846944486109e+01 -2.618927667759513866e+01
-8.152916469576749137e+01 -6.611989949031004699e+01 -2.555601657081020761e+01
-7.995219805447568717e+01 -6.813218164229130025e+01 -2.512070106012076565e+01
-7.831711009570894078e+01 -7.010981681378217445e+01 -2.477815384739663074e+01
-7.667975877005156349e+01 -7.209391542330254765e+01 -2.443140656353363482e+01
-7.483908956526641987e+01 -7.392405834045254664e+01 -2.444193285116877945e+01
-7.301195774124337845e+01 -7.575958895617223732e+01 -2.443353405947212309e+01
-7.107275182495098420e+01 -7.745924883259144167e+01 -2.467308009934532009e+01
-6.913513242928945601e+01 -7.916021696743246139e+01 -2.490973136016583567e+01
-6.714261268987617370e+01 -8.077807725722783516e+01 -2.528439080978372999e+01
-6.506780997614163198e+01 -8.218506826313772251e+01 -2.595220251760839858e+01
-6.300725966261396138e+01 -8.363368925482225791e+01 -2.656413183945151957e+01
-6.090700886131435965e+01 -8.491709889211804807e+01 -2.738097300345533114e+01
-5.879400358668205939e+01 -8.609613667542501503e+01 -2.831494049478067510e+01
-5.667906973890833200e+01 -8.707122708693547963e+01 -2.945478393104393788e+01
-5.456989063001347517e+01 -8.802357184474404050e+01 -3.061161828213022318e+01
-5.247384130543952097e+01 -8.884060831622504395e+01 -3.189063113522318815e+01
-5.038742599997621596e+01 -8.958207707146104326e+01 -3.323557768545047963e+01
-4.835415294757508775e+01 -9.009352303523027672e+01 -3.475740477408238149e+01
-4.633118202310536304e+01 -9.057108960926794339e+01 -3.630280912451443243e+01
-4.437902059051337034e+01 -9.084229026905612159e+01 -3.798376989731825404e+01
-4.249078227011145259e+01 -9.096526866239214826e+01 -3.974902982438413801e+01
-4.062492039409616496e+01 -9.103988540914414784e+01 -4.154027495364744027e+01
-3.881002911652718979e+01 -9.100395608585421314e+01 -4.339109555450633593e+01
-3.708575555370364185e+01 -9.079948446493290248e+01 -4.531984073825119452e+01
-3.553832915107910395e+01 -9.031929831771009276e+01 -4.734745328809854925e+01
-3.394679672382756053e+01 -8.990604789874737435e+01 -4.935223613431281819e+01
-3.248341714019598214e+01 -8.931002573412838785e+01 -5.141163788256337597e+01
-3.119872036266399107e+01 -8.849281782478226432e+01 -5.351354256944149057e+01
-2.997576648345857819e+01 -8.760894607503651343e+01 -5.562036819839265434e+01
-2.884340105819278932e+01 -8.662665277973236755e+01 -5.773502691896258909e+01
-2.790642452146219199e+01 -8.545217839324313047e+01 -5.984647784218242350e+01
-2.703243599415789689e+01 -8.422370965134608412e+01 -6.194893511138376851e+01
-2.615356576986856396e+01 -8.299180484787135015e+01 -6.405971013914783896e+01
-2.561537871230792263e+01 -8.148527052505680501e+01 -6.610443151952301832e+01
-2.508853742504476969e+01 -7.997410821100986311e+01 -6.814243512083311316e+01
-2.474079118975844693e+01 -7.834044366032058804e+01 -7.012384590680871099e+01
-2.451854610499826492e+01 -7.663018952715677301e+01 -7.205634512473270092e+01
-2.442772704615551049e+01 -7.484638768476212078e+01 -7.393096602597012179e+01
-2.440021449877792747e+01 -7.302724296061484210e+01 -7.577762329749498349e+01
-2.453003117322629834e+01 -7.113046007894709533e+01 -7.754458950471435230e+01
-2.484651376587068228e+01 -6.915708766938114138e+01 -7.920147932163592941e+01
-2.533552477677407921e+01 -6.712778872221495874e+01 -8.074176725789871512e+01
-2.587601741939470656e+01 -6.508538704199131075e+01 -8.224367629550174286e+01
-2.652942188227119402e+01 -6.301313049090779117e+01 -8.366252838370876077e+01
-2.739532610840995375e+01 -6.090550896973942940e+01 -8.490424567873836281e+01
-2.837380957113340685e+01 -5.879188459296433678e+01 -8.603938659278999523e+01
-2.935176023186658512e+01 -5.667522293268007871e+01 -8.717809759234107503e+01
-3.059883996106801263e+01 -5.456839947791503675e+01 -8.803784131790470724e+01
-3.191165523071486021e+01 -5.247812121469579694e+01 -8.881530431147709237e+01
-3.330088271463791472e+01 -5.040701155424311253e+01 -8.949718648800671872e+01
-3.476300127190515354e+01 -4.835643778107201740e+01 -9.008564170391056791e+01
-3.625457433575550681e+01 -4.630551682807670488e+01 -9.064498959305552717e+01
-3.795992476777086466e+01 -4.436289626481658388e+01 -9.088225972430029742e+01
-3.970936331942021269e+01 -4.245716245449294490e+01 -9.103855498297457416e+01
-4.153140129611229270e+01 -4.061554518254512658e+01 -9.105813427823032669e+01
-4.341267469660965617e+01 -3.883850005705997432e+01 -9.095390600321810837e+01
-4.534288431571471278e+01 -3.712408225113244953e+01 -9.073811419004059076e+01
-4.733312751007504460e+01 -3.550771709706367574e+01 -9.036423614974901852e+01
-4.934581413641309666e+01 -3.392857272560597437e+01 -8.993069389486868204e+01
-5.143617060165298938e+01 -3.258138527811966867e+01 -8.918752487711508081e+01
-5.352004036964446954e+01 -3.123956562083657573e+01 -8.844547476640670425e+01
-5.562371692199302231e+01 -3.001972539259367778e+01 -8.756163844230104587e+01
-5.773502691896259620e+01 -2.891304919695842202e+01 -8.655700464096672420e+01
-5.984840972783835866e+01 -2.787913264909407118e+01 -8.547753837995531967e+01
-6.194684420395851276e+01 -2.704767037336308633e+01 -8.421056617956614332e+01
-6.405135079711484991e+01 -2.619530702811911382e+01 -8.295842293165378578e+01
-6.611023846717034758e+01 -2.559309312277220982e+01 -8.150174916694518856e+01
-6.813197767264129823e+01 -2.512134088253443309e+01 -7.995176220171201464e+01
-7.012327871550060365e+01 -2.474230174889576972e+01 -7.833950029249136549e+01
-7.204073709798413461e+01 -2.455474694304882632e+01 -7.660959671585479214e+01
-7.391209812256211364e+01 -2.446652929853678415e+01 -7.482645333578885527e+01
-7.572072216341734929e+01 -2.450534286230051606e+01 -7.297901573116988061e+01
-7.749845373689915107e+01 -2.460736442919286304e+01 -7.109926259079573185e+01
-7.921192606004511561e+01 -2.483050843405650454e+01 -6.916264626278612582e+01
-8.078780459489425425e+01 -2.527069217656070776e+01 -6.714658398543279816e+01
-8.220783709974570286e+01 -2.592260510607243518e+01 -6.507463855106959727e+01
-8.364021990341710477e+01 -2.655627173611834024e+01 -6.300858911735230805e+01
-8.484869461079135533e+01 -2.745735964703028742e+01 -6.089902649906609611e+01
-8.606985075910654359e+01 -2.834220790203196572e+01 -5.879302209574922955e+01
-8.711492410451567991e+01 -2.941265978858719166e+01 -5.667749686378488150e+01
-8.809468826809171560e+01 -3.054793348591515212e+01 -5.456245900288087114e+01
-8.883381540827339506e+01 -3.189627509343708311e+01 -5.247499025517726778e+01
-8.956707468814245487e+01 -3.324711878978308022e+01 -5.039088727896220377e+01
-9.010453138470580825e+01 -3.474958779477101700e+01 -4.835096157741092071e+01
-9.064879459313770838e+01 -3.625209079833390291e+01 -4.630419536541613468e+01
-9.091437810366784333e+01 -3.794076346291462443e+01 -4.434993919030527820e+01
-9.109847494950227542e+01 -3.967693140537652141e+01 -4.242967440200894913e+01
-9.106123145806000707e+01 -4.152989526782069163e+01 -4.061395403100704726e+01
-9.103977915783647745e+01 -4.337565040196775357e+01 -3.878965119708350784e+01
-9.081199264478019018e+01 -4.531514411253550634e+01 -3.707794399957204234e+01
-9.039403532703344979e+01 -4.732362779948176978e+01 -3.548741763037253349e+01
-8.994097497271501140e+01 -4.934313519984216612e+01 -3.392097058433057555e+01
-8.916401600674129213e+01 -5.144087862188287374e+01 -3.260018612826358719e+01
-8.846273072882735278e+01 -5.351767200139859426e+01 -3.122467802666179537e+01
-8.764402263794252690e+01 -5.561788526472568606e+01 -2.994317285421952946e+01
-8.660713742330874254e+01 -5.773502691896257488e+01 -2.886291641461643209e+01
-4.808628953257226613e+01 -1.924500897298752378e+01 9.596271586597215020e+00
-4.704569170445583381e+01 -2.136282318178057693e+01 1.067348796727383942e+01
-4.572999267926439160e+01 -2.345832871197097802e+01 1.145329447227280184e+01
-4.446648356440457661e+01 -2.556085169788558176e+01 1.229230834332759059e+01
-4.299920187845133057e+01 -2.761580527650734496e+01 1.287998023599610420e+01
-4.147167153349496971e+01 -2.964660547756773212e+01 1.338325009210013050e+01
-3.989261307018661995e+01 -3.165919272397586326e+01 1.381677887519991188e+01
-3.811269947216079856e+01 -3.354550508671058395e+01 1.392317763990881829e+01
-3.636760437601763840e+01 -3.545158168786331032e+01 1.408415914491837739e+01
-3.450337196358547942e+01 -3.724766366257891548e+01 1.401600870720183067e+01
-3.261456823147759110e+01 -3.901630846826133592e+01 1.389584978077635569e+01
-3.066115432418217068e+01 -4.070034406166145402e+01 1.362647146688105337e+01
-2.861969971314221084e+01 -4.220748583915115404e+01 1.309215863333079355e+01
-2.660457543045336237e+01 -4.378435546082273788e+01 1.265390397231352893e+01
-2.450351984104366565e+01 -4.507626566878252561e+01 1.184475859086361993e+01
-2.241026526741717007e+01 -4.636944598818672603e+01 1.104468433664132121e+01
-2.030173719068257299e+01 -4.754590159731808541e+01 1.011261186903808706e+01
-1.818875425679642177e+01 -4.858947517658447168e+01 9.043202514418318572e+00
-1.607644172031591268e+01 -4.956638626027287131e+01 7.907801061626219763e+00
-1.397890367955809054e+01 -5.037967687565340213e+01 6.623553636248917798e+00
-1.189510883387825402e+01 -5.110202474274979068e+01 5.262106657665476916e+00
-9.852481313449123590e+00 -5.164370345711748200e+01 3.761157851604028934e+00
-7.869663291746686440e+00 -5.199901144533009756e+01 2.133647818114212669e+00
-5.878186036722896191e+00 -5.237908485032110661e+01 5.222439680814261465e-01
-3.997479560297691137e+00 -5.248241102504140088e+01 -1.255136333623479317e+00
-2.138435697368144872e+00 -5.254298998604689075e+01 -3.053601235547535708e+00
-3.078439836844673039e-01 -5.253532727198296470e+01 -4.891855663295135770e+00
1.381079116598076695e+00 -5.227234451011219107e+01 -6.843761525448460503e+00
2.974421644482347915e+00 -5.186265170238682742e+01 -8.846796861058091821e+00
4.529608264559321640e+00 -5.139761989281518595e+01 -1.086701529070669991e+01
5.927380435303238215e+00 -5.072094942609932389e+01 -1.294145792816648921e+01
7.306741604973503001e+00 -5.002070078706022116e+01 -1.502106773687585317e+01
8.505838914858308897e+00 -4.910987472617196659e+01 -1.713099110764891364e+01
9.613123747377052553e+00 -4.810314169335209300e+01 -1.924500897298753088e+01
1.059503766587990015e+01 -4.697279459523287670e+01 -2.135726998960959477e+01
1.150236283563683060e+01 -4.577232644557520302e+01 -2.346506330902420245e+01
1.227292865652021803e+01 -4.445098496401637078e+01 -2.555697061146641857e+01
1.289367766070711596e+01 -4.300933017037936423e+01 -2.761937440929033016e+01
1.340875208480863634e+01 -4.148904371953229742e+01 -2.965473528423891381e+01
1.382583941898839797e+01 -3.989827152162636992e+01 -3.166259481632460648e+01
1.398736889026440267e+01 -3.814921460211347437e+01 -3.357318120711349252e+01
1.404574854703058762e+01 -3.634787123642968254e+01 -3.543290422956347641e+01
1.406143490067607971e+01 -3.452421105383750444e+01 -3.727225076580114660e+01
1.384948024719756532e+01 -3.259586201050798593e+01 -3.898864515565215072e+01
1.350397833868505515e+01 -3.061861290720626272e+01 -4.062039235044136376e+01
1.310028216133171597e+01 -2.862205476054942466e+01 -4.221325431974486264e+01
1.258951618825896546e+01 -2.658972018517867753e+01 -4.373482292204286637e+01
1.187278287737897742e+01 -2.450825985767157533e+01 -4.509954993866996631e+01
1.110885183561306633e+01 -2.241697073577374510e+01 -4.642690801880189611e+01
1.008444366385468527e+01 -2.030072327550807287e+01 -4.751874730730918373e+01
9.117927181187589269e+00 -1.818596410932717689e+01 -4.866698999082298371e+01
7.850649107022871220e+00 -1.608311100469390809e+01 -4.950256502129153091e+01
6.574947052763302935e+00 -1.398879860068128167e+01 -5.032117537104458904e+01
5.187437302219191082e+00 -1.191750283218686945e+01 -5.100496138899489296e+01
3.707971762712997332e+00 -9.874195135435213544e+00 -5.156880354624036045e+01
2.149905852681456508e+00 -7.861012572241381946e+00 -5.202392019940263879e+01
5.167269579566102777e-01 -5.881916696602424111e+00 -5.236983718031676460e+01
-1.209792038201339182e+00 -3.959047466196382814e+00 -5.256618741456485111e+01
-3.049808506217253523e+00 -2.134428596611055440e+00 -5.255078981613426947e+01
-4.940287681257897745e+00 -3.717438874294138884e-01 -5.242299535027525792e+01
-6.880413072067383951e+00 1.320119279099518650e+00 -5.217473312599470603e+01
-8.822852525539138568e+00 3.025587123318295824e+00 -5.193776151674173036e+01
-1.085464512563620154e+01 4.564711649793245840e+00 -5.144509344311961740e+01
-1.294547240664093835e+01 5.911349151553551451e+00 -5.070090366387518088e+01
-1.502455941790193705e+01 7.284792851778330913e+00 -4.999526035283896874e+01
-1.712770144379719639e+01 8.549022542890874377e+00 -4.915634801805624932e+01
-1.924500897298753799e+01 9.611930212911257598e+00 -4.810194815888629449e+01
-2.136020712824576151e+01 1.063653081147035806e+01 -4.701135060218716433e+01
-2.345988741418640089e+01 1.146465119726735438e+01 -4.573979070204352837e+01
-2.555674646204388978e+01 1.227180939630866163e+01 -4.445008985322734674e+01
-2.762303206513784914e+01 1.290771481444625479e+01 -4.301970966827097698e+01
-2.965436432161990155e+01 1.340758843032236669e+01 -4.148825102766502937e+01
-3.163658026580142035e+01 1.375655676878638545e+01 -3.985500342194752932e+01
-3.354411302176079346e+01 1.391994892185146782e+01 -3.811086281905324569e+01
-3.548058192758679752e+01 1.414379876658350454e+01 -3.639824375795927835e+01
-3.730493041462251114e+01 1.412181257252343514e+01 -3.455190907686349533e+01
-3.903618747956235069e+01 1.392917118718412084e+01 -3.262801062658434148e+01
-4.068732791357584233e+01 1.360652957105748939e+01 -3.065422857644421128e+01
-4.229079614607835680e+01 1.320948131477063114e+01 -2.865371208765484923e+01
-4.369494366462959078e+01 1.253767678979821909e+01 -2.657776004413119253e+01
-4.508354435493779988e+01 1.185351901097801175e+01 -2.450500157500278675e+01
-4.638163457234399800e+01 1.105829525419863302e+01 -2.241168760081720279e+01
-4.760881547389956125e+01 1.017787488949819874e+01 -2.030408633456120526e+01
-4.861801268445326230e+01 9.070712814054200379e+00 -1.818772704856351297e+01
-4.956619979710298196e+01 7.907634083755059606e+00 -1.607646120561464542e+01
-5.036974079593679221e+01 6.615298141086956463e+00 -1.398058426411273381e+01
-5.110242230064414315e+01 5.262412492881086479e+00 -1.189501711119951466e+01
-5.165985565894251863e+01 3.772627457268345808e+00 -9.847798717288393178e+00
-5.199623920097630503e+01 2.131838364120604012e+00 -7.870626082106863208e+00
-5.239003424654501373e+01 5.287762005031417800e-01 -5.873768872920708262e+00
-5.254153713685980165e+01 -1.223134096516979241e+00 -3.970355685585790440e+00
-5.264249152794397446e+01 -3.005217820507205317e+00 -2.087317570511391551e+00
-5.239607572187087214e+01 -4.951894105385699518e+00 -3.870570917059943383e-01
-5.220773803052202311e+01 -6.868020247112871957e+00 1.340731358672321960e+00
-5.190314245041338381e+01 -8.833888773553306706e+00 3.002004305004124518e+00
-5.142066985494649600e+01 -1.086100917078086958e+01 4.546652106764792478e+00
-5.071988222012804215e+01 -1.294167165291049670e+01 5.926526954075963971e+00
-5.000640487378392152e+01 -1.502302984053742563e+01 7.294407795358775815e+00
-4.913560651570758608e+01 -1.712916965419805848e+01 8.529749250943069683e+00
-4.812430927542204984e+01 -1.924500897298751667e+01 9.634291329446991625e+00
-9.627874324166647568e+00 1.924500897298753443e+01 4.811789227014171644e+01
-8.557671682879163910e+00 1.712704256531793234e+01 4.916565603652382777e+01
-7.274410484862325887e+00 1.502621107953593693e+01 4.998322632428899226e+01
-5.990536846238853741e+00 1.292564259758014877e+01 5.079992116762131360e+01
-4.551998218918040351e+00 1.085912524165608595e+01 5.142789989622455948e+01
-2.983437604829582313e+00 8.842577586959791347e+00 5.187588693683239427e+01
-1.308972961735207718e+00 6.887114693778828567e+00 5.215688518691898423e+01
2.990434761119118434e-01 4.885185444470749871e+00 5.255079799837994159e+01
2.124551560414307261e+00 3.040459870594997227e+00 5.257001548795329882e+01
3.939910801580769117e+00 1.187213550247047777e+00 5.260790256713478641e+01
5.870264628611023383e+00 -5.339583805894250190e-01 5.239872067094100316e+01
7.841880381808444156e+00 -2.185862609020070124e+00 5.207900914617422927e+01
9.850957569646356049e+00 -3.764890127450897239e+00 5.164895947676713917e+01
1.191668211984002212e+01 -5.190173841764387674e+00 5.100851864088696175e+01
1.398820409229899653e+01 -6.577867442017318211e+00 5.032469026868092499e+01
1.607855079810022403e+01 -7.889727470675346410e+00 4.954620359153771858e+01
1.818738134693005648e+01 -9.079971263525813185e+00 4.862761683555835646e+01
2.030106148069172534e+01 -1.009383955144611278e+01 4.752780498971698364e+01
2.241356505294028878e+01 -1.107626139776525775e+01 4.639772326378758294e+01
2.451407388703640322e+01 -1.190715702361484674e+01 4.512811005554105037e+01
2.657538462149858205e+01 -1.252738088443417297e+01 4.368702318189819778e+01
2.865601436382362266e+01 -1.321742281304599942e+01 4.229643536818497296e+01
3.065126977037828127e+01 -1.359801002853857455e+01 4.068176717712289303e+01
3.262587241080682077e+01 -1.392387091469959159e+01 3.903302542285537413e+01
3.451392424911946222e+01 -1.403901115877068406e+01 3.726011382861383225e+01
3.639901410477074251e+01 -1.414529824827908300e+01 3.548131106247093669e+01
3.817897844167535482e+01 -1.403969180625390578e+01 3.359574028354115427e+01
3.981855227438370548e+01 -1.369818970101882627e+01 3.161466434559772765e+01
4.148147209022926063e+01 -1.339763709704239147e+01 2.965119192577572704e+01
4.297719384403808363e+01 -1.285021673820643429e+01 2.760804981313095752e+01
4.442075421354272180e+01 -1.223512766407853292e+01 2.554940036949841442e+01
4.577278913861299259e+01 -1.150289913542969344e+01 2.346513691577929706e+01
4.704810747756800282e+01 -1.067608777034926248e+01 2.136300721174386652e+01
4.814360110247143609e+01 -9.653583156496363671e+00 1.924500897298752733e+01
4.905913804542859680e+01 -8.458693686706940440e+00 1.713458256024094339e+01
4.997070401927160788e+01 -7.263606857067649969e+00 1.502792975675864540e+01
5.066590898607367421e+01 -5.883362707172334893e+00 1.295248064006125688e+01
5.132631606246693678e+01 -4.476884046351084834e+00 1.088559490284675491e+01
5.179761925535454026e+01 -2.930120958601811765e+00 8.867528622209876588e+00
5.231475518682061221e+01 -1.407565248146376291e+00 6.827836980288370938e+00
5.245130776686346508e+01 3.556383969573495563e-01 4.928080755141786895e+00
5.258763923538713669e+01 2.115497500147117904e+00 3.031890183428352259e+00
5.249896754258910647e+01 3.989884322021108431e+00 1.246175054352388401e+00
5.231171619441480658e+01 5.905363643796887274e+00 -4.820529192490923265e-01
5.213373278461561711e+01 7.822875061627140525e+00 -2.221580927280150775e+00
5.167395621501763259e+01 9.843710902484158254e+00 -3.782640198539183984e+00
5.113050064435839204e+01 1.188853900842106803e+01 -5.284012733816862095e+00
5.031658658049220634e+01 1.398957474688251068e+01 -6.571134408412110162e+00
4.955980395911975478e+01 1.607712956716680353e+01 -7.901906607323955001e+00
4.858771957342382564e+01 1.818881744977139903e+01 -9.041510104232621359e+00
4.754724936480944564e+01 2.030178751502953105e+01 -1.011400996087637338e+01
4.634563502788841305e+01 2.240748667363776647e+01 -1.101809478256357622e+01
4.517089622846187069e+01 2.452278393773028142e+01 -1.195865324722954526e+01
4.378642079203017801e+01 2.660519484149943636e+01 -1.265658871456701107e+01
4.226538108417278750e+01 2.864333610134924868e+01 -1.317369026655943287e+01
4.071548098183415476e+01 3.066920851117794200e+01 -1.364966257404949346e+01
3.905471754069137802e+01 3.264054084749304252e+01 -1.396023146922181724e+01
3.724821352168666522e+01 3.450383800317821681e+01 -1.401702460590228583e+01
3.544636867941915881e+01 3.636209671958762613e+01 -1.407343848004417453e+01
3.360492375863989878e+01 3.819109487207693121e+01 -1.406099171175422669e+01
3.161620506547368947e+01 3.982111484109463362e+01 -1.370229298760571623e+01
2.963983139900701502e+01 4.145719633651329161e+01 -1.336200081655770333e+01
2.761794068020639514e+01 4.300526161154708404e+01 -1.288817537279086878e+01
2.554469629700133027e+01 4.440196912814251107e+01 -1.221163850618124158e+01
2.346359150945355054e+01 4.576307469397253413e+01 -1.149163928446348137e+01
2.136001960611972095e+01 4.700888898723069786e+01 -1.063388167438781906e+01
1.924500897298752022e+01 4.806277325422603042e+01 -9.572755308250950890e+00
1.712750976668306180e+01 4.915905585292162527e+01 -8.551538700642090873e+00
1.502277885897260390e+01 5.000823352879078243e+01 -7.295985468800790130e+00
1.294329576093088008e+01 5.071177245358924779e+01 -5.920041295557531669e+00
1.086462598666197010e+01 5.140678943462111050e+01 -4.536388502320484406e+00
8.853131172538450500e+00 5.184278191067852504e+01 -2.960886164254365127e+00
6.861400204066244513e+00 5.222536870710487733e+01 -1.351741992208513210e+00
4.888983812240903504e+00 5.254198816618792733e+01 3.040549405337706901e-01
3.021167862962805373e+00 5.260968991986540999e+01 2.104169136134384388e+00
1.199015833504535777e+00 5.258609711905712913e+01 3.949913966400941945e+00
-4.737406152727139386e-01 5.229778302365559739e+01 5.910984510579719853e+00
-2.166649411309549578e+00 5.204957281949286596e+01 7.852103510779288698e+00
-3.760480179525227840e+00 5.164274911775235921e+01 9.852757980735473708e+00
-5.248655757242119080e+00 5.108453979864776784e+01 1.189914287755695455e+01
-6.627321610674659524e+00 5.038421190275111883e+01 1.397813662688614045e+01
-7.930950514210334035e+00 4.959223711272250057e+01 1.607374032045044387e+01
-9.016038385031592384e+00 4.856129676463031331e+01 1.818976853936388238e+01
-1.014747127105318825e+01 4.757950623437934468e+01 2.030299195563644687e+01
-1.112689689548556871e+01 4.644306737984079803e+01 2.241885643460737754e+01
-1.183739018827267486e+01 4.507014355486278134e+01 2.450227355237250038e+01
-1.256108349668642177e+01 4.371295008671219762e+01 2.658316032893682745e+01
-1.320479931958425368e+01 4.228747148241383513e+01 2.865235475613302540e+01
-1.351324671724037074e+01 4.062644185490459847e+01 3.062183178129837557e+01
-1.396283380759767567e+01 3.905627005361203885e+01 3.264159067294824013e+01
-1.399875394286363672e+01 3.723832445452710260e+01 3.449545640729913032e+01
-1.413744844734158335e+01 3.547749403441790150e+01 3.639498133188628515e+01
-1.391846267853808428e+01 3.354347222650195448e+01 3.811001737099873310e+01
-1.374296494631414589e+01 3.163147674924461228e+01 3.984651511603213692e+01
-1.340415757273438402e+01 2.965327059497566609e+01 4.148591389672132834e+01
-1.287656912269903842e+01 2.761491644400403800e+01 4.299667959765760372e+01
-1.217942429050750874e+01 2.553824489475740478e+01 4.437620631471270372e+01
-1.145533021545385921e+01 2.345860811623655096e+01 4.573174901817991156e+01
-1.056079674981785743e+01 2.135484620813746304e+01 4.694097746064299770e+01
-9.614237453042129289e+00 1.924500897298754154e+01 4.810425539901719105e+01
2.893098767856711362e+01 5.773502691896258199e+01 8.653906615935804325e+01
3.003083555778797376e+01 5.562456327767205266e+01 8.754968192142771954e+01
3.126940585090130043e+01 5.352478745318968123e+01 8.841088745279677141e+01
3.252503726397532091e+01 5.142206019768330805e+01 8.925798329522912411e+01
3.401302696831502459e+01 4.937557516704455907e+01 8.981647862152814810e+01
3.547077962537306917e+01 4.731584157362917153e+01 9.041845955788549816e+01
3.714950110335111333e+01 4.535816716890658284e+01 9.069741248463006400e+01
3.881971400810689232e+01 4.339843607953791604e+01 9.098693066924295181e+01
4.060734542134896685e+01 4.152364020482079354e+01 9.107409513071797846e+01
4.249531656616586872e+01 3.975437963590573531e+01 9.095538455481613482e+01
4.440046159227533451e+01 3.801547748461551635e+01 9.078914167999690221e+01
4.634233483282451260e+01 3.632376955050266076e+01 9.053897637356057260e+01
4.835660137142757264e+01 3.476340197203049343e+01 9.008507741342968700e+01
5.039435443203348086e+01 3.325867948035283206e+01 8.955204684450143304e+01
5.245742770898367269e+01 3.181000301939522856e+01 8.893765002850884116e+01
5.456637081934552214e+01 3.058145551681589680e+01 8.805725442072632347e+01
5.667828817279439590e+01 2.943385232507483451e+01 8.709294025901850489e+01
5.879070852576754902e+01 2.840648262203698593e+01 8.600788960908320746e+01
6.090682301478691585e+01 2.738275144848334719e+01 8.491550629361748292e+01
6.300530646915354538e+01 2.657567965825711909e+01 8.362409462947708505e+01
6.507174341644848425e+01 2.593515362340397701e+01 8.219818371703529181e+01
6.710564948449331268e+01 2.541189212165240718e+01 8.068753915074202610e+01
6.914924462445063114e+01 2.486909691369255881e+01 7.918673921874454891e+01
7.106586842410686700e+01 2.469014287686174924e+01 7.744906945591912972e+01
7.299316846672589065e+01 2.447449195202648298e+01 7.573742033813536523e+01
7.489589120665526423e+01 2.433136833623044026e+01 7.397782121400203437e+01
7.663431026782012623e+01 2.451130210789584396e+01 7.205946838117176867e+01
7.832062994586330262e+01 2.477251771942203362e+01 7.011193309160240972e+01
7.994629339612926344e+01 2.512936897064010822e+01 6.812941839011837430e+01
8.149411874310644066e+01 2.560341244974138419e+01 6.610754956403992821e+01
8.288534183975090741e+01 2.628668874241220976e+01 6.403305017472462168e+01
8.425166433969036461e+01 2.700003418054804882e+01 6.195338223664932542e+01
8.549509022019778115e+01 2.786024373605326332e+01 5.984974680063670860e+01
8.661604273258564035e+01 2.885401110533953073e+01 5.773502691896257488e+01
8.756174459353564998e+01 3.001962675539271785e+01 5.562370940795937457e+01
8.847018375580914551e+01 3.121824792219277356e+01 5.351664907888582690e+01
8.922865636656084121e+01 3.254849101493429941e+01 5.142793337539260534e+01
8.988820914277573593e+01 3.395998724189395546e+01 4.935688437221806169e+01
9.039211171967048131e+01 3.548872800895172475e+01 4.732424102826553280e+01
9.068412834933101863e+01 3.715779725380998855e+01 4.536315515374673879e+01
9.089366057526622455e+01 3.887277060979933907e+01 4.343864957182218234e+01
9.099877020774806624e+01 4.064604300225514066e+01 4.156026754688453195e+01
9.104323579583595460e+01 4.245501514972865209e+01 3.970682981132314637e+01
9.091459315762361371e+01 4.434985243405594701e+01 3.794063516520817814e+01
9.060023929284055555e+01 4.632105844424145857e+01 3.628378301980572473e+01
9.014327784983878189e+01 4.833972880240978043e+01 3.472207410463919075e+01
8.959452264582218106e+01 5.038455461587076201e+01 3.322600349519478868e+01
8.884645029824352491e+01 5.247285319493428091e+01 3.188577726370993304e+01
8.803100911958695463e+01 5.456911343888219079e+01 3.060495819841860055e+01
8.710973330748814192e+01 5.667768370663978317e+01 2.941766374275981732e+01
8.602620416829560668e+01 5.879139237386278438e+01 2.838748421472935490e+01
8.482250102896867361e+01 6.089596986789284472e+01 2.748660986002622408e+01
8.356581404177292427e+01 6.299344219528379796e+01 2.664582451983103084e+01
8.216766847696189302e+01 6.506259162679519648e+01 2.597482065313065647e+01
8.070709110513800510e+01 6.711363179088370146e+01 2.538435786086603940e+01
7.919869711375187649e+01 6.915560728748683061e+01 2.485077635564904597e+01
7.745958513155564162e+01 7.107297923382371607e+01 2.467251639150838827e+01
7.571765673465495183e+01 7.297641759075197854e+01 2.451100643148082270e+01
7.391425410904155058e+01 7.482873118224237885e+01 2.446209546560381654e+01
7.207026172979070111e+01 7.664855072210731635e+01 2.448626830498973561e+01
7.013757502449313108e+01 7.836327829788018562e+01 2.470422743451442926e+01
6.813463286540338970e+01 7.995743595319143537e+01 2.511301193829292799e+01
6.611446199951093661e+01 8.151373447853603693e+01 2.557688427884077953e+01
6.402734890991705186e+01 8.286257460001004915e+01 2.631515724696065561e+01
6.195379820135422477e+01 8.425427909933696924e+01 2.699700345619654485e+01
5.984678693931689963e+01 8.545623593112013339e+01 2.790205788645071650e+01
5.773502691896256778e+01 8.653349842384632495e+01 2.893655541407885678e+01
5.561908781910626942e+01 8.762703407520328369e+01 2.995895886257819285e+01
5.351574237601035122e+01 8.847679000497379320e+01 3.121254837590359443e+01
5.143637272177391395e+01 8.918651561727965316e+01 3.258219241783417885e+01
4.935996310049263514e+01 8.987639376595706153e+01 3.396872389043804930e+01
4.736020852260365643e+01 9.027928704677822225e+01 3.556558518750587439e+01
4.537266837444157375e+01 9.065879248426938375e+01 3.717361989817679557e+01
4.342756071836475940e+01 9.091937976415829326e+01 3.885814027436468621e+01
4.154670511591933746e+01 9.102666164103743540e+01 4.063171399993097310e+01
3.969096797680067823e+01 9.107254151588604429e+01 4.244157126420101633e+01
3.799991016445500946e+01 9.081523578467310642e+01 4.438993480775963008e+01
3.629721004840472176e+01 9.057966789154886555e+01 4.632820281693416575e+01
3.474332144369923725e+01 9.011335604443519287e+01 4.834840326875330163e+01
3.324853623946840742e+01 8.956523213279409390e+01 5.039131238462525175e+01
3.187471980488810175e+01 8.885975874191184687e+01 5.247060221008779735e+01
3.055917407774083472e+01 8.808213596778672638e+01 5.456377071136018486e+01
2.939237240159972941e+01 8.713596900309747184e+01 5.667673935219054471e+01
2.836865685178544894e+01 8.604435383988999320e+01 5.879207006521231449e+01
2.740082376081897664e+01 8.489932252798290335e+01 6.090493446808586953e+01
2.661678681730310814e+01 8.358994031889334053e+01 6.299835362069130440e+01
2.597912553219021348e+01 8.216435679925638169e+01 6.506159842544114724e+01
2.533617628744428885e+01 8.074130462311032375e+01 6.712759984633314048e+01
2.497634739679366334e+01 7.911673643753228191e+01 6.911199692256181493e+01
2.467932172703147131e+01 7.745552517861983688e+01 7.107023385123643777e+01
2.447675266713898168e+01 7.573619671732156178e+01 7.299213137242719540e+01
2.435305216079686375e+01 7.396727728208243491e+01 7.488475131400844020e+01
2.451006381535474077e+01 7.206000227221257148e+01 7.663501466932044082e+01
2.473899578900219609e+01 7.012452005168546521e+01 7.834156491620008467e+01
2.503981186233114897e+01 6.815796839344183411e+01 8.000730050111476999e+01
2.564328577154383737e+01 6.609715978763932753e+01 8.146463519770458106e+01
2.618788935009267860e+01 6.405283630354929869e+01 8.296435510324576512e+01
2.695850278566227942e+01 6.195908239028067044e+01 8.428749558094480676e+01
2.780079767115106648e+01 5.985395475671010246e+01 8.555032832902656992e+01
2.889484588737546034e+01 5.773502691896258909e+01 8.657520795054969653e+01
