-7.071067811865474617e-01 0.000000000000000000e+00 7.071067811865474617e-01
-6.797904396927847426e-01 -5.178541354861972146e-02 7.315758532414043946e-01
-6.497368220261786620e-01 -1.033623055142181557e-01 7.530991275403968732e-01
-6.170669434978359735e-01 -1.545229939565925525e-01 7.715899374544286093e-01
-5.819123541779602782e-01 -2.050614728402315734e-01 7.869738270181918516e-01
-5.444146091901492790e-01 -2.547742415479120059e-01 7.991888507380612294e-01
-5.047246987188732659e-01 -3.034611243058600860e-01 8.081858230247334074e-01
-4.630024400252938932e-01 -3.509260762209411855e-01 8.139285162462351897e-01
-4.194158339195589447e-01 -3.969779726842526668e-01 8.163938066038115560e-01
-3.741403882808349568e-01 -4.414313789624663142e-01 8.155717672433012710e-01
-3.273584113490226599e-01 -4.841072968780527064e-01 8.114657082270754218e-01
-2.792582776338193296e-01 -5.248338855717650242e-01 8.040921632055842982e-01
-2.300336693970534141e-01 -5.634471534451295227e-01 7.934808228421829090e-01
-1.798827967625760693e-01 -5.997916184967322373e-01 7.796744152593082511e-01
-1.290075995940479781e-01 -6.337209343933628558e-01 7.627285339874108061e-01
-7.761293435438290644e-02 -6.650984797550464345e-01 7.427114141094293132e-01
-2.590574922107443875e-02 -6.937979082811205345e-01 7.197036575021948934e-01
2.590574922107451161e-02 -7.197036575021950044e-01 6.937979082811204234e-01
7.761293435438315624e-02 -7.427114141094294242e-01 6.650984797550464345e-01
1.290075995940479503e-01 -7.627285339874108061e-01 6.337209343933628558e-01
1.798827967625760971e-01 -7.796744152593083621e-01 5.997916184967322373e-01
2.300336693970535529e-01 -7.934808228421830201e-01 5.634471534451294117e-01
2.792582776338192740e-01 -8.040921632055842982e-01 5.248338855717650242e-01
3.273584113490226044e-01 -8.114657082270754218e-01 4.841072968780528174e-01
3.741403882808350678e-01 -8.155717672433011600e-01 4.414313789624661477e-01
4.194158339195590557e-01 -8.163938066038115560e-01 3.969779726842525003e-01
4.630024400252942263e-01 -8.139285162462354117e-01 3.509260762209411855e-01
5.047246987188734879e-01 -8.081858230247334074e-01 3.034611243058599195e-01
5.444146091901493900e-01 -7.991888507380613405e-01 2.547742415479119504e-01
5.819123541779603892e-01 -7.869738270181918516e-01 2.050614728402315734e-01
6.170669434978361956e-01 -7.715899374544287204e-01 1.545229939565925525e-01
6.497368220261787730e-01 -7.530991275403969842e-01 1.033623055142181835e-01
6.797904396927846316e-01 -7.315758532414042836e-01 5.178541354861972146e-02
7.071067811865475727e-01 -7.071067811865474617e-01 -1.570092458683774920e-16
7.315758532414043946e-01 -6.797904396927847426e-01 -5.178541354861963819e-02
7.530991275403969842e-01 -6.497368220261787730e-01 -1.033623055142183084e-01
7.715899374544286093e-01 -6.170669434978361956e-01 -1.545229939565924415e-01
7.869738270181918516e-01 -5.819123541779602782e-01 -2.050614728402316012e-01
7.991888507380613405e-01 -5.444146091901495010e-01 -2.547742415479118394e-01
8.081858230247334074e-01 -5.047246987188733769e-01 -3.034611243058600305e-01
8.139285162462353007e-01 -4.630024400252942263e-01 -3.509260762209410189e-01
8.163938066038115560e-01 -4.194158339195589447e-01 -3.969779726842525558e-01
8.155717672433011600e-01 -3.741403882808351233e-01 -4.414313789624660367e-01
8.114657082270751998e-01 -3.273584113490225489e-01 -4.841072968780526509e-01
8.040921632055842982e-01 -2.792582776338193851e-01 -5.248338855717649132e-01
7.934808228421829090e-01 -2.300336693970536361e-01 -5.634471534451293007e-01
7.796744152593082511e-01 -1.798827967625762914e-01 -5.997916184967320152e-01
7.627285339874106951e-01 -1.290075995940478948e-01 -6.337209343933627448e-01
7.427114141094293132e-01 -7.761293435438285093e-02 -6.650984797550464345e-01
7.197036575021948934e-01 -2.590574922107452549e-02 -6.937979082811203124e-01
6.937979082811203124e-01 2.590574922107466774e-02 -7.197036575021950044e-01
6.650984797550463234e-01 7.761293435438298971e-02 -7.427114141094293132e-01
6.337209343933626338e-01 1.290075995940482279e-01 -7.627285339874108061e-01
5.997916184967321263e-01 1.798827967625760693e-01 -7.796744152593081401e-01
5.634471534451293007e-01 2.300336693970537472e-01 -7.934808228421830201e-01
5.248338855717650242e-01 2.792582776338193296e-01 -8.040921632055842982e-01
4.841072968780525954e-01 3.273584113490227709e-01 -8.114657082270754218e-01
4.414313789624663142e-01 3.741403882808349013e-01 -8.155717672433011600e-01
3.969779726842524448e-01 4.194158339195590002e-01 -8.163938066038114449e-01
3.509260762209411855e-01 4.630024400252940597e-01 -8.139285162462353007e-01
3.034611243058598640e-01 5.047246987188735989e-01 -8.081858230247334074e-01
2.547742415479120615e-01 5.444146091901491680e-01 -7.991888507380612294e-01
2.050614728402314346e-01 5.819123541779603892e-01 -7.869738270181918516e-01
1.545229939565926358e-01 6.170669434978359735e-01 -7.715899374544286093e-01
1.033623055142181002e-01 6.497368220261787730e-01 -7.530991275403968732e-01
5.178541354861983942e-02 6.797904396927846316e-01 -7.315758532414045057e-01
-3.532708032038493324e-16 7.071067811865475727e-01 -7.071067811865472397e-01
-5.178541354861991575e-02 7.315758532414045057e-01 -6.797904396927846316e-01
-1.033623055142181835e-01 7.530991275403969842e-01 -6.497368220261788840e-01
-1.545229939565923305e-01 7.715899374544286093e-01 -6.170669434978363066e-01
-2.050614728402318510e-01 7.869738270181919626e-01 -5.819123541779601672e-01
-2.547742415479121170e-01 7.991888507380613405e-01 -5.444146091901491680e-01
-3.034611243058599195e-01 8.081858230247335184e-01 -5.047246987188734879e-01
-3.509260762209409634e-01 8.139285162462353007e-01 -4.630024400252943928e-01
-3.969779726842528333e-01 8.163938066038116670e-01 -4.194158339195588336e-01
-4.414313789624663142e-01 8.155717672433011600e-01 -3.741403882808349013e-01
-4.841072968780525954e-01 8.114657082270755328e-01 -3.273584113490229375e-01
-5.248338855717648022e-01 8.040921632055845203e-01 -2.792582776338196071e-01
-5.634471534451296337e-01 7.934808228421829090e-01 -2.300336693970533308e-01
-5.997916184967322373e-01 7.796744152593083621e-01 -1.798827967625760693e-01
-6.337209343933627448e-01 7.627285339874108061e-01 -1.290075995940481446e-01
-6.650984797550465455e-01 7.427114141094294242e-01 -7.761293435438273991e-02
-6.937979082811205345e-01 7.197036575021950044e-01 -2.590574922107446998e-02
-7.197036575021948934e-01 6.937979082811204234e-01 2.590574922107443182e-02
-7.427114141094292021e-01 6.650984797550465455e-01 7.761293435438275379e-02
-7.627285339874109171e-01 6.337209343933627448e-01 1.290075995940482834e-01
-7.796744152593082511e-01 5.997916184967321263e-01 1.798827967625761526e-01
-7.934808228421829090e-01 5.634471534451295227e-01 2.300336693970534696e-01
-8.040921632055841872e-01 5.248338855717653573e-01 2.792582776338189965e-01
-8.114657082270753108e-01 4.841072968780524843e-01 3.273584113490228265e-01
-8.155717672433011600e-01 4.414313789624661477e-01 3.741403882808349568e-01
-8.163938066038116670e-01 3.969779726842527223e-01 4.194158339195588892e-01
-8.139285162462351897e-01 3.509260762209414630e-01 4.630024400252937822e-01
-8.081858230247332964e-01 3.034611243058597529e-01 5.047246987188735989e-01
-7.991888507380612294e-01 2.547742415479119504e-01 5.444146091901492790e-01
-7.869738270181918516e-01 2.050614728402316844e-01 5.819123541779601672e-01
-7.715899374544284983e-01 1.545229939565921640e-01 6.170669434978363066e-01
-7.530991275403967622e-01 1.033623055142179892e-01 6.497368220261787730e-01
-7.315758532414043946e-01 5.178541354861972840e-02 6.797904396927846316e-01
-7.071067811865475727e-01 1.999839848695795196e-16 7.071067811865473507e-01
